0
3
9
23
27
37
38
42
45
47
51
71
88
113
141
142
143
144
145
146
148
162
164
177
183
191
195
197
199
200
206
207
208
222
229
238
239
241
247
253
254
270
273
321
330
352
375
379
393
394
396
397
398
409
410
411
412
413
419
421
423
437
438
444
446
448
450
474
482
496
500
518
519
521
522
529
530
545
546
558
561
564
567
569
570
571
574
576
585
614
630
631
632
637
643
644
645
647
655
669
682
694
695
704
706
708
715
716
726
744
761
788
791
806
812
820
843
853
860
862
863
864
866
867
870
871
880
895
918
919
920
935
948
977
979
988
1011
1015
1017
1018
1028
1036
1037
1049
1053
1068
1069
1070
1071
1075
1076
1077
1093
1097
1103
1113
1126
1130
1135
1138
1163
1168
1203
1209
1213
1214
1215
1216
1217
1218
1233
1234
1235
1237
1238
1239
1240
1241
1242
1243
1244
1251
1281
1282
1283
1301
1312
1313
1314
1315
1325
1334
1347
1353
1356
1369
1376
1377
1378
1379
1380
1381
1382
1383
1384
1385
1398
1406
1439
1443
1444
1459
1466
1471
1479
1509
1535
1541
1546
1552
1553
1556
1557
1562
1563
1564
1576
1603
1606
1609
1617
1623
1630
1635
1636
1643
1644
1661
1662
1663
1664
1665
1683
1687
1700
1701
1702
1703
1706
1728
1732
1740
1745
1748
1751
1752
1753
1754
1755
1757
1758
1759
1764
1778
1779
1780
1781
1793
1797
1799
1819
1821
1824
1826
1830
1833
1836
1850
1877
1878
1881
1892
1915
1924
1927
1928
1937
1944
1964
1982
1988
1990
1991
1992
1993
1994
1995
2002
2007
2010
2014
2015
2020
2026
2030
2033
2034
2035
2036
2037
2039
2047
2053
2061
2062
2063
2070
2073
2086
2108
2115
2124
2126
2134
2149
2151
2152
2153
2164
2170
2175
2177
2178
2191
2197
2199
2203
2227
2228
2229
2230
2235
2236
2247
2250
2253
2261
2263
2273
2286
2289
2318
2319
2330
2332
2333
2335
2354
2356
2360
2371
2379
2382
2394
2419
2426
2428
2435
2437
2458
2460
2463
2464
2465
2473
2474
2475
2476
2481
2482
2483
2484
2485
2494
2496
2499
2500
2501
2503
2511
2516
2517
2520
2529
2533
2538
2543
2545
2549
2550
2555
2556
2557
2558
2559
2574
2579
2580
2588
2590
2591
2592
2600
2605
2606
2607
2608
2609
2610
2611
2612
2613
2616
2618
2627
2628
2637
2643
2648
2649
2651
2652
2653
2654
2658
2660
2661
2665
2666
2668
2669
2673
2676
2677
2678
2686
2687
2688
2689
2690
2696
2700
2701
2702
2710
2711
2713
2725
2727
2731
2744
2745
2748
2755
2768
2787
2799
2805
2808
2809
2810
2813
2819
2830
2846
2854
2855
2856
2857
2858
2859
2860
2861
2875
2879
2883
2886
2891
2893
2894
2898
2906
2945
2964
2969
2989
2991
2997
2998
2999
3001
3002
3004
3005
3009
3022
3035
3053
3057
3062
3063
3076
3079
3083
3086
3088
3090
3093
3095
3103
3112
3113
3115
3116
3117
3119
3120
3124
3125
3126
3132
3133
3134
3135
3136
3137
3141
3148
3149
3173
3175
3176
3177
3187
3194
3206
3226
3227
3229
3231
3233
3239
3240
3242
3252
3254
3255
3256
3257
3263
3264
3265
3269
3274
3275
3276
3284
3298
3302
3312
3324
3330
3339
3344
3347
3356
3358
3378
3388
3394
3395
3399
3400
3411
3413
3421
3422
3423
3424
3425
3426
3430
3434
3439
3452
3474
3475
3483
3489
3491
3497
3498
3506
3513
3514
3515
3516
3517
3524
3534
3536
3543
3544
3545
3546
3547
3549
3551
3552
3555
3558
3562
3577
3583
3585
3590
3593
3598
3605
3607
3611
3624
3630
3634
3635
3639
3642
3654
3655
3660
3664
3665
3668
3673
3680
3681
3682
3691
3693
3698
3699
3700
3706
3707
3717
3718
3736
3749
3750
3751
3766
3767
3771
3773
3774
3776
3778
3781
3790
3793
3798
3800
3801
3805
3819
3821
3843
3844
3854
3855
3856
3857
3858
3859
3860
3861
3862
3864
3866
3868
3876
3881
3889
3890
3891
3901
3913
3914
3925
3926
3927
3928
3929
3930
3931
3932
3933
3934
3945
3947
3954
3955
3958
3959
3962
3963
3968
3970
3977
3978
3979
3980
3986
3988
3991
4025
4027
4031
4032
4033
4034
4035
4036
4038
4040
4041
4042
4047
4048
4057
4059
4061
4065
4070
4071
4072
4074
4076
4077
4078
4082
4084
4085
4089
4092
4099
4100
4101
4102
4106
4108
4112
4115
4117
4120
4121
4123
4126
4132
4133
4134
4135
4136
4137
4138
4139
4140
4144
4148
4150
4151
4155
4157
4160
4171
4177
4185
4187
4190
4193
4200
4201
4207
4208
4209
4210
4212
4213
4217
4220
4221
4228
4229
4234
4236
4237
4244
4250
4251
4252
4261
4262
4263
4264
4266
4267
4268
4269
4282
4283
4284
4291
4295
4296
4297
4298
4299
4301
4320
4321
4322
4323
4324
4326
4332
4334
4337
4341
4343
4344
4345
4346
4348
4350
4351
4353
4355
4356
4357
4358
4359
4360
4361
4362
4363
4367
4368
4374
4378
4379
4380
4381
4382
4388
4389
4398
4402
4407
4408
4411
4412
4413
4414
4416
4427
4429
4430
4432
4433
4434
4438
4439
4440
4441
4442
4447
4455
4471
4472
4475
4478
4482
4485
4486
4488
4489
4495
4504
4509
4511
4514
4519
4526
4527
4528
4530
4531
4532
4537
4538
4539
4541
4542
4546
4547
4549
4550
4551
4553
4554
4564
4566
4567
4568
4569
4570
4571
4572
4573
4575
4579
4582
4587
4588
4590
4591
4593
4595
4598
4601
4605
4610
4613
4614
4617
4618
4619
4623
4624
4626
4627
4628
4629
4630
4631
4632
4633
4634
4635
4640
4642
4644
4645
4647
4648
4649
4650
4651
4652
4656
4658
4659
4660
4661
4664
4665
4675
4678
4679
4680
4681
4682
4683
4686
4688
4689
4690
4691
4693
4697
4701
4703
4704
4705
4707
4713
4718
4720
4721
4723
4728
4730
4731
4737
4739
4740
4741
4743
4744
4747
4750
4752
4753
4754
4760
4763
4764
4766
4767
4772
4779
4780
4790
4791
4792
4793
4797
4798
4799
4800
4801
4802
4806
4808
4812
4816
4817
4818
4819
4821
4822
4826
4827
4829
4831
4832
4834
4835
4837
4850
4866
4874
4875
4877
4880
4895
4896
4898
4900
4908
4909
4913
4933
4936
4941
4945
4959
4963
4964
4973
4981
4988
4989
4990
4993
5001
5002
5017
5019
5024
5025
5026
5028
5029
5035
5036
5037
5038
5039
5040
5041
5043
5049
5062
5063
5087
5088
5089
5090
5092
5093
5094
5098
5099
5101
5102
5103
5105
5110
5112
5113
5123
5124
5126
5127
5129
5130
5135
5142
5144
5149
5151
5153
5159
5170
5174
5176
5178
5180
5191
5223
5233
5249
5258
5262
5270
5272
5273
5300
5309
5346
5352
5369
5371
5380
5405
5410
5434
5440
5449
5483
5487
5494
5495
5497
5511
5520
5541
5543
5544
5558
5559
5561
5569
5570
5571
5579
5581
5582
5593
5604
5616
5617
5618
5622
5624
5626
5627
5629
5630
5631
5635
5637
5657
5665
5680
5700
5702
5703
5709
5744
